2.239471197128295898e+00
1.813444137573242188e+00
1.690571188926696777e+00
1.634352684020996094e+00
1.596488475799560547e+00
1.577326059341430664e+00
1.552990436553955078e+00
1.536997079849243164e+00
2.048251867294311523e+00
1.711362242698669434e+00
1.527160048484802246e+00
1.504565834999084473e+00
1.489985585212707520e+00
1.478151202201843262e+00
1.467189788818359375e+00
1.458461642265319824e+00
1.451373934745788574e+00
1.443924427032470703e+00
1.439120531082153320e+00
1.432338595390319824e+00
1.428582668304443359e+00
1.421944141387939453e+00
1.417841672897338867e+00
1.413814544677734375e+00
1.411613583564758301e+00
